0	3
1	4
2	6
3	4
4	2
5	3
6	4
7	3
8	2
9	3
10	8
11	8
12	3
13	3
14	4
15	3
16	3
17	6
18	12
19	12
20	8
21	6
22	5
23	4
24	5
25	7
26	19
27	23
28	16
29	9
30	9
31	16
32	20
32.5	8
33	6
33.5	7
34	30
34.5	8
35	57
35.5	19
36	36
36.5	13
37	5
37.5	8
38	6
38.5	20
39	8
39.5	43
40	35
40.5	13
41	29
41.25	32
41.5	7
42	31
42.1	29
42.2	21
42.3	38
42.4	16
42.5	10
43	52
43.5	40
44	53
44.1	31
44.2	17
44.3	13
44.4	14
44.5	19
44.6	19
44.7	18
44.8	56
44.9	46
45	36
45.5	28
46	21
46.5	47
47	31
47.5	42
48	36
48.5	25
49	22
49.5	18
50	14
