#4V		2.0A	4V		2.1A	4.5V	2.3A	5V		2.4A	5.5V	2.5A
9		0.01	10		0.02	10		0.03	10		0.03	10		0.04
14		0.03	15		0.04	15		0.05	20		0.08	20		0.09
17		0.04	20		0.06	20		0.08	30		0.14	30		0.15
21		0.05	25		0.09	25		0.1		40		0.21	40		0.22
25		0.06	30		0.11	30		0.13	50		0.29	50		0.31
29		0.08	35		0.14	35		0.16	60		0.37	60		0.41
33		0.09	40		0.17	40		0.19	70		0.47	70		0.51
37		0.1		45		0.2		45		0.23	80		0.58	80		0.63
41		0.11	50		0.22	50		0.26	90		0.69	90		0.73
45		0.12	55		0.25	55		0.3		100		0.81	100		0.86
49		0.13	60		0.28	60		0.34	110		0.92	110		0.97
53		0.14	65		0.32	65		0.39	120		0.98	120		1.1
57		0.14	70		0.35	70		0.43	130		1.1		130		1.23
60		0.15	75		0.38	75		0.47	140		1.24	140		1.38
65		0.15	80		0.4		80		0.51	150		1.36	150		1.56
75		0.16	85		0.43	85		0.56	160		1.47	160		1.71
80		0.17	90		0.44	90		0.61	170		1.55	170		1.83
85		0.17	95		0.48	95		0.67	180		1.64	180		1.97
120		0.18	100		0.5		100		0.68	190		1.73	190		2.11
				110		0.53	110		0.77	200		1.82	200		2.25
				120		0.55	120		0.86	210		1.92	210		2.39
				130		0.56	130		0.92	220		2		220		2.53
				140		0.58	140		0.97	230		2.07	230		2.66
				150		0.59	150		1.02	240		2.15	240		2.8
				160		0.6		160		1.1		250		2.22	250		2.93
				200		0.62	170		1.15				
				250		0.63	180		1.18				
								190		1.21				
								200		1.23				
								210		1.25				
								220		1.28				
								250		1.31				
